# oST version 5.0 parameters


[image]

width
640

height
480

[narrow_stereo]

camera matrix
654.671722 0.000000 312.011400
0.000000 651.489503 240.743781
0.000000 0.000000 1.000000

distortion
0.020966 -0.127519 -0.000229 -0.000844 0.000000

rectification
1.000000 0.000000 0.000000
0.000000 1.000000 0.000000
0.000000 0.000000 1.000000

projection
652.064270 0.000000 310.961393 0.000000
0.000000 650.458984 240.182968 0.000000
0.000000 0.000000 1.000000 0.000000

