[image]

width
640

height
480

[narrow_stereo]

camera matrix
709.458979 0.000000 346.864677
0.000000 706.692079 231.634484
0.000000 0.000000 1.000000

distortion
-0.177321 -0.025546 0.000708 -0.002044 0.000000

rectification
1.000000 0.000000 0.000000
0.000000 1.000000 0.000000
0.000000 0.000000 1.000000

projection
679.309814 0.000000 347.814861 0.000000
0.000000 689.777771 230.946379 0.000000
0.000000 0.000000 1.000000 0.000000


('D = ', [-0.1773213523130701, -0.02554550580700291, 0.0007080248612922836, -0.002044219441128669, 0.0])
('K = ', [709.4589789675605, 0.0, 346.86467663600234, 0.0, 706.6920788820133, 231.63448368766223, 0.0, 0.0, 1.0])
('R = ', [1.0, 0.0, 0.0, 0.0, 1.0, 0.0, 0.0, 0.0, 1.0])
('P = ', [679.309814453125, 0.0, 347.81486099402537, 0.0, 0.0, 689.7777709960938, 230.9463789804231, 0.0, 0.0, 0.0, 1.0, 0.0])
None
# oST version 5.0 parameters



