# oST version 5.0 parameters


[image]

width
640

height
480

[narrow_stereo]

camera matrix
647.905652 0.000000 306.834941
0.000000 645.672596 266.539969
0.000000 0.000000 1.000000

distortion
-0.000703 -0.066310 -0.000149 0.001634 0.000000

rectification
1.000000 0.000000 0.000000
0.000000 1.000000 0.000000
0.000000 0.000000 1.000000

projection
644.240723 0.000000 306.927831 0.000000
0.000000 643.418030 266.093381 0.000000
0.000000 0.000000 1.000000 0.000000

