# oST version 5.0 parameters


[image]

width
640

height
480

[narrow_stereo]

camera matrix
647.295970 0.000000 291.287664
0.000000 644.093486 242.008171
0.000000 0.000000 1.000000

distortion
0.001672 -0.052124 0.000636 -0.001436 0.000000

rectification
1.000000 0.000000 0.000000
0.000000 1.000000 0.000000
0.000000 0.000000 1.000000

projection
644.080872 0.000000 289.801392 0.000000
0.000000 642.337769 241.685328 0.000000
0.000000 0.000000 1.000000 0.000000

