image_width: 320
image_height: 240
camera_name: camera
camera_matrix:
  rows: 3
  cols: 3
  data: [180.592158, 0, 158.296384, 0, 181.359217, 104.8893, 0, 0, 1]
distortion_model: plumb_bob
distortion_coefficients:
  rows: 1
  cols: 5
  data: [-0.314444, 0.070869, 0.013196, 0.0006389999999999999, 0]
rectification_matrix:
  rows: 3
  cols: 3
  data: [1, 0, 0, 0, 1, 0, 0, 0, 1]
projection_matrix:
  rows: 3
  cols: 4
  data: [125.329597, 0, 158.60058, 0, 0, 150.4375, 103.591344, 0, 0, 0, 1, 0]