# oST version 5.0 parameters


[image]

width
640

height
480

[narrow_stereo]

camera matrix
336.445117 0.000000 310.875390
0.000000 335.516151 248.386777
0.000000 0.000000 1.000000

distortion
-0.327415 0.069301 0.002571 0.004564 0.000000

rectification
1.000000 0.000000 0.000000
0.000000 1.000000 0.000000
0.000000 0.000000 1.000000

projection
230.547455 0.000000 311.487272 0.000000
0.000000 256.673553 258.541584 0.000000
0.000000 0.000000 1.000000 0.000000

