# oST version 5.0 parameters


[image]

width
640

height
480

[narrow_stereo]

camera matrix
679.591284 0.000000 361.720506
0.000000 676.017795 251.558783
0.000000 0.000000 1.000000

distortion
-0.169777 -0.059555 -0.000328 -0.001716 0.000000

rectification
1.000000 0.000000 0.000000
0.000000 1.000000 0.000000
0.000000 0.000000 1.000000

projection
646.214722 0.000000 364.871699 0.000000
0.000000 658.288879 251.553752 0.000000
0.000000 0.000000 1.000000 0.000000

