image_width: 640
image_height: 480
camera_name: narrow_stereo
camera_matrix:
  rows: 3
  cols: 3
  data: [336.445117, 0, 310.87539, 0, 335.516151, 248.386777, 0, 0, 1]
distortion_model: plumb_bob
distortion_coefficients:
  rows: 1
  cols: 5
  data: [-0.327415, 0.069301, 0.002571, 0.004563999999999999, 0]
rectification_matrix:
  rows: 3
  cols: 3
  data: [1, 0, 0, 0, 1, 0, 0, 0, 1]
projection_matrix:
  rows: 3
  cols: 4
  data: [230.547455, 0, 311.487272, 0, 0, 256.673553, 258.541584, 0, 0, 0, 1, 0]